LSOA,Total of possible sessions,Total sessions attended,Total sessions missed,Attendance
E01010568,10933,10361,572,0.947681332
E01010569,2453,2394,59,0.975947819
E01010570,2473,2341,132,0.946623534
E01010571,6910,6555,355,0.948625181
E01010572,6480,6198,282,0.956481481
E01010573,7221,6880,341,0.952776624
E01010574,7054,6811,243,0.96555146
E01010575,8477,7988,489,0.942314498
E01010576,12709,11960,749,0.941065387
E01010577,9893,9541,352,0.964419286
E01010578,368,348,20,0.945652174
E01010579,966,870,96,0.900621118
E01010580,1116,1089,27,0.975806452
E01010581,1404,1253,151,0.892450142
E01010583,613,556,57,0.907014682
E01010584,368,346,22,0.940217391
E01010596,742,734,8,0.989218329
E01010597,1488,1393,95,0.936155914
E01010598,2976,2831,145,0.951276882
E01010599,1128,1023,105,0.906914894
E01010600,2230,2059,171,0.923318386
E01010601,3738,3448,290,0.922418406
E01010602,974,897,77,0.920944559
E01010603,3724,3558,166,0.955424275
E01010604,4772,4611,161,0.966261526
E01010605,3574,3282,292,0.918298825
E01010606,1780,1738,42,0.976404494
E01010607,3262,3142,120,0.963212753
E01010608,3607,3119,488,0.864707513
E01010609,737,696,41,0.944369064
E01010610,12784,11818,966,0.924436796
E01010611,4226,3972,254,0.939895883
E01010612,708,694,14,0.980225989
E01010613,744,719,25,0.966397849
E01010614,371,346,25,0.932614555
E01010615,364,348,16,0.956043956
E01010617,797,738,59,0.925972396
E01010618,20782,19647,1135,0.94538543
E01010619,17937,17220,717,0.96002676
E01010620,7513,7027,486,0.935312126
E01010621,3350,3198,152,0.954626866
E01010622,3641,3501,140,0.961549025
E01010623,12465,11994,471,0.9622142
E01010624,3218,3010,208,0.93536358
E01010625,13173,12600,573,0.956501936
E01010626,11157,10624,533,0.952227301
E01010627,24053,23166,887,0.963123103
E01010630,370,367,3,0.991891892
E01010631,372,357,15,0.959677419
E01010636,376,373,3,0.992021277
E01010649,8332,7683,649,0.922107537
E01010650,11123,10108,1015,0.90874764
E01010651,1857,1756,101,0.945611201
E01010652,5458,5223,235,0.956943936
E01010653,10791,10097,694,0.935687147
E01010654,9576,8908,668,0.930242272
E01010655,6565,5939,626,0.904645849
E01010656,2969,2817,152,0.948804311
E01010657,5438,5040,398,0.926811328
E01010659,362,355,7,0.980662983
E01010661,241,239,2,0.991701245
E01010662,1419,1392,27,0.980972516
E01010664,376,363,13,0.965425532
E01010668,61,56,5,0.918032787
E01010670,1419,1351,68,0.952078929
E01010671,967,935,32,0.966907963
E01010672,368,367,1,0.997282609
E01010675,1047,984,63,0.93982808
E01010678,372,350,22,0.940860215
E01010679,292,270,22,0.924657534
E01010680,3004,2780,224,0.925432756
E01010681,2072,1995,77,0.962837838
E01010682,6932,6589,343,0.950519331
E01010683,10354,9997,357,0.965520572
E01010684,4764,4626,138,0.971032746
E01010685,8552,7932,620,0.927502339
E01010686,2222,2085,137,0.938343834
E01010687,2896,2832,64,0.977900552
E01010688,4794,4527,267,0.944305382
E01010689,12104,11192,912,0.924653007
E01010690,4881,4529,352,0.92788363
E01010691,3546,3332,214,0.93965031
E01010692,3628,3507,121,0.966648291
E01010693,1404,1315,89,0.936609687
E01010694,3480,3182,298,0.914367816
E01010695,1780,1727,53,0.970224719
E01010696,5336,5083,253,0.952586207
E01010698,1256,1176,80,0.936305732
E01010699,9562,8899,663,0.930663041
E01010733,675,637,38,0.943703704
E01010734,376,357,19,0.949468085
E01010738,300,289,11,0.963333333
E01010741,303,297,6,0.98019802
E01010742,372,371,1,0.997311828
E01010744,673,639,34,0.949479941
E01010756,376,348,28,0.925531915
E01010759,750,567,183,0.756
E01010760,496,496,0,1
E01010761,375,329,46,0.877333333
E01010762,375,336,39,0.896
E01010764,2789,2667,122,0.956256723
E01010765,370,336,34,0.908108108
E01010766,666,600,66,0.900900901
E01010767,3708,3531,177,0.952265372
E01010768,4552,4430,122,0.973198594
E01010769,1512,1445,67,0.955687831
E01010770,9809,9341,468,0.952288714
E01010771,3158,3014,144,0.95440152
E01010772,13873,13344,529,0.961868377
E01010773,23145,22199,946,0.959127241
E01010774,17470,16247,1223,0.929994276
E01010775,6558,6322,236,0.964013419
E01010776,1868,1810,58,0.968950749
E01010777,1028,963,65,0.936770428
E01010778,2527,2422,105,0.958448753
E01010779,1112,1056,56,0.949640288
E01010780,2334,2199,135,0.942159383
E01010781,2932,2753,179,0.938949523
E01010782,2825,2643,182,0.935575221
E01010783,1420,1187,233,0.835915493
E01010784,211,198,13,0.938388626
E01010786,2081,1942,139,0.93320519
E01010787,1108,1037,71,0.935920578
E01010788,1110,1078,32,0.971171171
E01010789,744,703,41,0.944892473
E01010790,744,603,141,0.810483871
E01010791,2074,1980,94,0.954676953
E01010792,372,356,16,0.956989247
E01010793,1116,1076,40,0.964157706
E01010796,376,351,25,0.933510638
E01010803,376,370,6,0.984042553
E01010805,1860,1761,99,0.946774194
E01010806,738,685,53,0.928184282
E01010810,675,618,57,0.915555556
E01010811,376,363,13,0.965425532
E01010814,1036,981,55,0.946911197
E01010815,301,297,4,0.986710963
E01010816,2713,2543,170,0.937338739
E01010817,1218,1132,86,0.929392447
E01010819,1290,954,336,0.739534884
E01010820,372,286,86,0.768817204
E01010821,2032,1513,519,0.744586614
E01010822,235,220,15,0.936170213
E01010823,489,445,44,0.91002045
E01010824,1112,1075,37,0.966726619
E01010825,6798,6386,412,0.939393939
E01010826,9570,9238,332,0.965308255
E01010827,5337,5017,320,0.940041222
E01010828,740,682,58,0.921621622
E01010829,3556,3364,192,0.946006749
E01010830,5691,5402,289,0.949218064
E01010831,1040,919,121,0.883653846
E01010832,5495,5235,260,0.952684258
E01010836,1121,1060,61,0.9455843
E01010840,378,347,31,0.917989418
E01010845,673,649,24,0.964338782
E01010853,376,364,12,0.968085106
E01010865,301,295,6,0.980066445
E01010871,598,570,28,0.953177258
E01010874,371,363,8,0.978436658
E01010889,678,648,30,0.955752212
E01010937,376,366,10,0.973404255
E01010993,368,363,5,0.986413043
E01011013,23414,22315,1099,0.95306227
E01011014,14590,13819,771,0.947155586
E01011015,2162,1940,222,0.897317299
E01011016,2600,2339,261,0.899615385
E01011017,744,718,26,0.965053763
E01011018,302,292,10,0.966887417
E01011019,1536,1492,44,0.971354167
E01011021,8275,7970,305,0.963141994
E01011022,4788,4689,99,0.979323308
E01011023,10845,10180,665,0.93868142
E01011024,25037,23653,1384,0.944721812
E01011026,636,612,24,0.962264151
E01011027,8470,7942,528,0.937662338
E01011028,8760,8335,425,0.951484018
E01011029,8342,7642,700,0.916087269
E01011030,13670,12589,1081,0.920921726
E01011031,4632,4375,257,0.944516408
E01011032,3021,2790,231,0.923535253
E01011033,676,632,44,0.934911243
E01011034,1046,1001,45,0.956978967
E01011036,2846,2632,214,0.924806746
E01011037,372,370,2,0.994623656
E01011048,2092,1937,155,0.925908222
E01011049,5914,5559,355,0.939972946
E01011050,11548,11228,320,0.972289574
E01011051,1046,1005,41,0.960803059
E01011052,17255,16407,848,0.950854825
E01011053,5620,5455,165,0.970640569
E01011054,6744,6518,226,0.966488731
E01011055,302,294,8,0.973509934
E01011056,377,366,11,0.970822281
E01011057,666,636,30,0.954954955
E01011058,376,368,8,0.978723404
E01011059,17636,16390,1246,0.929349059
E01011061,371,294,77,0.79245283
E01011064,310,258,52,0.832258065
E01011065,376,366,10,0.973404255
E01011068,80,80,0,1
E01011121,678,615,63,0.907079646
E01011122,744,736,8,0.989247312
E01011123,674,672,2,0.997032641
E01011124,1121,994,127,0.886708296
E01011125,3440,3374,66,0.980813953
E01011126,9388,9063,325,0.965381338
E01011127,3510,3454,56,0.984045584
E01011128,1116,1058,58,0.948028674
E01011129,3954,3830,124,0.968639353
E01011130,372,345,27,0.927419355
E01011134,674,622,52,0.922848665
E01011135,372,358,14,0.962365591
E01011161,1124,1120,4,0.996441281
E01011163,602,555,47,0.92192691
E01011164,442,421,21,0.952488688
E01011165,1501,1446,55,0.963357761
E01011166,302,294,8,0.973509934
E01011167,664,645,19,0.971385542
E01011242,676,658,18,0.973372781
E01011243,1114,1017,97,0.912926391
E01011244,676,629,47,0.930473373
E01011245,1790,1677,113,0.936871508
E01011250,746,722,24,0.967828418
E01011259,674,670,4,0.994065282
E01011260,298,288,10,0.966442953
E01011263,752,744,8,0.989361702
E01011264,23887,22467,1420,0.940553439
E01011265,36258,34220,2038,0.943791715
E01011266,43854,42540,1314,0.970036941
E01011267,38693,34928,3765,0.902695578
E01011268,31586,29823,1763,0.944184132
E01011269,25265,23869,1396,0.944745696
E01011270,23622,22402,1220,0.94835323
E01011271,44242,42432,1810,0.959088649
E01011272,36055,34630,1425,0.960477049
E01011273,19303,18472,831,0.956949697
E01011274,26435,23999,2436,0.907849442
E01011275,23682,21720,1962,0.917152268
E01011276,26250,24657,1593,0.939314286
E01011277,34376,32746,1630,0.952583198
E01011278,32616,31567,1049,0.967837871
E01011279,18148,17159,989,0.945503637
E01011280,43275,41577,1698,0.960762565
E01011281,32073,29967,2106,0.934337293
E01011282,26239,23537,2702,0.897023515
E01011283,40116,37716,2400,0.940173497
E01011284,16917,14722,2195,0.870248862
E01011285,18064,17430,634,0.964902569
E01011286,17001,15730,1271,0.925239692
E01011287,29549,28122,1427,0.951707334
E01011288,23395,21477,1918,0.91801667
E01011289,24575,23256,1319,0.946327569
E01011290,14752,13342,1410,0.90441974
E01011291,20878,19824,1054,0.949516237
E01011292,25366,23409,1957,0.922849484
E01011293,27069,25174,1895,0.92999372
E01011294,24867,23167,1700,0.931636305
E01011295,25820,22934,2886,0.888226181
E01011296,23611,22702,909,0.961500995
E01011297,23608,22825,783,0.966833277
E01011298,29141,26916,2225,0.923647095
E01011299,45442,43230,2212,0.951322565
E01011300,33988,32353,1635,0.951894786
E01011301,22853,22090,763,0.966612699
E01011302,14974,14400,574,0.961666889
E01011303,20422,19318,1104,0.945940652
E01011304,28240,26479,1761,0.937641643
E01011305,26379,25376,1003,0.96197733
E01011306,24854,24059,795,0.968013197
E01011307,32123,29753,2370,0.926221088
E01011308,29481,27842,1639,0.944404871
E01011309,16426,15478,948,0.942286619
E01011310,8654,8400,254,0.970649411
E01011311,5004,4796,208,0.958433253
E01011312,41255,38469,2786,0.932468792
E01011313,38490,36452,2038,0.947051182
E01011314,29025,27295,1730,0.94039621
E01011315,25473,24326,1147,0.954971931
E01011316,37781,35706,2075,0.945078214
E01011317,26540,24758,1782,0.932856066
E01011318,35392,33162,2230,0.93699141
E01011319,37469,35510,1959,0.947716779
E01011320,38207,35745,2462,0.935561546
E01011321,36252,34593,1659,0.954237008
E01011322,35076,33423,1653,0.95287376
E01011323,18020,16657,1363,0.92436182
E01011324,42953,38738,4215,0.901869485
E01011325,22103,20658,1445,0.934624259
E01011326,34036,30717,3319,0.902485603
E01011327,24216,22924,1292,0.946646845
E01011328,24214,22633,1581,0.934707194
E01011329,20974,20072,902,0.956994374
E01011330,27611,26290,1321,0.952156749
E01011331,20082,19119,963,0.952046609
E01011332,38566,34346,4220,0.890577192
E01011333,21695,20105,1590,0.926711224
E01011334,23273,21729,1544,0.933657027
E01011335,23159,21940,1219,0.947363876
E01011336,22249,19591,2658,0.880533957
E01011337,50051,46336,3715,0.925775709
E01011338,38693,37239,1454,0.962422144
E01011339,43240,40479,2761,0.936147086
E01011340,49003,45683,3320,0.932249046
E01011341,32570,31113,1457,0.955265582
E01011342,52103,48809,3294,0.936779072
E01011343,21732,20255,1477,0.932035708
E01011344,50242,45492,4750,0.905457585
E01011345,32394,30356,2038,0.937087115
E01011346,44403,40449,3954,0.910951963
E01011347,51081,45126,5955,0.88342045
E01011348,51705,47846,3859,0.925365052
E01011349,27732,26250,1482,0.946559931
E01011350,23051,22196,855,0.962908334
E01011351,16038,15492,546,0.965955855
E01011352,14404,13753,651,0.954804221
E01011353,29991,29113,878,0.970724551
E01011354,39804,37699,2105,0.947115868
E01011355,37013,34670,2343,0.936697917
E01011356,20271,19430,841,0.95851216
E01011357,43945,40997,2948,0.932916145
E01011358,33223,31797,1426,0.957077928
E01011359,29207,27609,1598,0.945287089
E01011360,67317,63323,3994,0.940668776
E01011361,77090,72617,4473,0.94197691
E01011362,23548,21591,1957,0.916893154
E01011363,25438,23015,2423,0.904748801
E01011364,42050,39365,2685,0.936147444
E01011365,4719,4523,196,0.958465777
E01011366,32679,29911,2768,0.915297286
E01011367,24795,23775,1020,0.958862674
E01011368,31577,29645,1932,0.938816227
E01011369,22841,21409,1432,0.937305722
E01011370,28976,27412,1564,0.946024296
E01011371,37466,35652,1814,0.951582768
E01011372,47417,44632,2785,0.941265791
E01011373,35524,33023,2501,0.929596892
E01011374,20347,19098,1249,0.938615029
E01011375,59752,56202,3550,0.940587763
E01011376,21517,20984,533,0.975228889
E01011377,18804,18117,687,0.96346522
E01011378,27382,25426,1956,0.928566211
E01011379,25136,24054,1082,0.956954169
E01011380,20655,19858,797,0.961413701
E01011381,22273,21439,834,0.962555561
E01011382,20625,19934,691,0.96649697
E01011383,23299,22346,953,0.959096957
E01011384,24873,23926,947,0.961926587
E01011385,14956,14486,470,0.968574485
E01011386,16807,16196,611,0.9636461
E01011387,28830,27080,1750,0.939299341
E01011388,26446,25174,1272,0.951901989
E01011389,38975,36580,2395,0.938550353
E01011390,25237,23702,1535,0.939176606
E01011391,26382,24960,1422,0.946099613
E01011392,35083,33175,1908,0.945614685
E01011393,30846,29700,1146,0.962847695
E01011394,21443,20701,742,0.965396633
E01011395,33449,31654,1795,0.946336213
E01011396,25976,24857,1119,0.956921774
E01011397,27651,26564,1087,0.960688583
E01011398,22943,22341,602,0.97376106
E01011399,28362,26892,1470,0.948170087
E01011400,27234,25978,1256,0.953881178
E01011401,31076,30110,966,0.968914918
E01011402,27600,26569,1031,0.962644928
E01011403,23572,22718,854,0.963770575
E01011404,29511,28539,972,0.967063129
E01011405,24090,23350,740,0.96928186
E01011406,16339,15669,670,0.958993818
E01011407,26778,25358,1420,0.946971394
E01011408,16996,16283,713,0.958048953
E01011409,17478,16792,686,0.960750658
E01011410,18873,18025,848,0.955068087
E01011411,30510,29607,903,0.970403147
E01011412,31015,29642,1373,0.955731098
E01011413,30273,29140,1133,0.962573911
E01011414,28119,26970,1149,0.959137949
E01011415,26000,25046,954,0.963307692
E01011416,34960,33453,1507,0.956893593
E01011417,24224,23345,879,0.963713672
E01011418,15385,14933,452,0.970620734
E01011419,14270,13952,318,0.977715487
E01011420,15137,14755,382,0.974763824
E01011421,31316,29893,1423,0.954559969
E01011422,47986,45337,2649,0.944796399
E01011423,53482,49744,3738,0.930107326
E01011424,61956,58208,3748,0.939505455
E01011425,27634,25999,1635,0.940833756
E01011426,65178,60932,4246,0.934855319
E01011427,76326,71196,5130,0.932788303
E01011428,71805,66024,5781,0.919490286
E01011429,63123,58551,4572,0.927569982
E01011430,63171,58000,5171,0.918142819
E01011431,48025,43832,4193,0.912691307
E01011432,61275,55078,6197,0.898865769
E01011433,45217,41581,3636,0.919587766
E01011434,44204,40754,3450,0.921952764
E01011435,3728,3486,242,0.935085837
E01011436,4779,4540,239,0.949989538
E01011437,2388,2292,96,0.959798995
E01011438,5611,5360,251,0.955266441
E01011439,4352,4242,110,0.974724265
E01011440,2085,1990,95,0.954436451
E01011441,8354,7960,394,0.952836964
E01011442,4475,4311,164,0.963351955
E01011443,5752,5432,320,0.944367177
E01011444,2822,2563,259,0.90822112
E01011445,3545,3244,301,0.915091678
E01011446,6129,5943,186,0.969652472
E01011447,7381,6976,405,0.945129386
E01011448,11898,10978,920,0.92267608
E01011449,16119,15428,691,0.957131336
E01011450,26071,23257,2814,0.892063979
E01011451,6216,5729,487,0.921653797
E01011452,36811,35952,859,0.976664584
E01011453,23391,22654,737,0.968492155
E01011454,26536,25607,929,0.964990956
E01011455,21773,21177,596,0.972626648
E01011456,37182,35785,1397,0.962428057
E01011457,22226,21596,630,0.971654819
E01011458,37411,36269,1142,0.969474219
E01011459,26261,25321,940,0.964205476
E01011460,29574,28077,1497,0.949381213
E01011461,36064,35220,844,0.976597161
E01011462,38233,36013,2220,0.941934978
E01011463,35282,33403,1879,0.946743382
E01011464,15455,14858,597,0.961371724
E01011465,22038,20903,1135,0.948498049
E01011466,31969,29318,2651,0.917075917
E01011467,23339,21614,1725,0.926089378
E01011468,35290,32247,3043,0.913771607
E01011469,24557,22746,1811,0.926253207
E01011470,18788,17602,1186,0.936874601
E01011471,27824,25882,1942,0.93020414
E01011472,35692,32718,2974,0.916676006
E01011473,36488,33406,3082,0.915533874
E01011474,36490,33896,2594,0.928912031
E01011475,28063,24958,3105,0.889356092
E01011476,27211,25385,1826,0.932894785
E01011477,24763,23327,1436,0.942010257
E01011478,11494,10094,1400,0.87819732
E01011479,5440,5132,308,0.943382353
E01011480,17201,16393,808,0.953025987
E01011481,15898,14922,976,0.93860863
E01011482,12952,12275,677,0.94773008
E01011483,20753,19361,1392,0.93292536
E01011484,36456,33403,3053,0.916255212
E01011485,18298,17188,1110,0.939337633
E01011486,32079,29400,2679,0.916487422
E01011487,35699,33074,2625,0.926468529
E01011488,13900,13004,896,0.935539568
E01011489,15212,13850,1362,0.910465422
E01011490,46360,44391,1969,0.957528041
E01011491,29525,27540,1985,0.93276884
E01011492,44880,40961,3919,0.912678253
E01011493,33428,31403,2025,0.939422041
E01011494,45259,42180,3079,0.931969332
E01011495,60173,57932,2241,0.962757383
E01011496,33055,32053,1002,0.969686885
E01011497,35631,33329,2302,0.935393337
E01011498,54071,51909,2162,0.960015535
E01011499,66275,62805,3470,0.947642399
E01011500,23704,22342,1362,0.942541343
E01011501,38563,36158,2405,0.93763452
E01011502,29157,26905,2252,0.922762973
E01011503,28607,26900,1707,0.94032929
E01011504,20276,18885,1391,0.931396725
E01011505,28647,27026,1621,0.943414668
E01011506,32509,31252,1257,0.961333784
E01011507,26793,25848,945,0.964729594
E01011508,20795,20165,630,0.969704256
E01011509,10692,10151,541,0.949401422
E01011510,21156,19912,1244,0.941198714
E01011511,23221,22469,752,0.96761552
E01011512,31638,29693,1945,0.938523295
E01011513,34582,33647,935,0.972962813
E01011514,30062,28584,1478,0.950834941
E01011515,12848,12534,314,0.975560399
E01011516,26708,25667,1041,0.961022914
E01011517,27459,26331,1128,0.958920572
E01011518,33947,32247,1700,0.949921937
E01011519,27985,26721,1264,0.954832946
E01011520,17338,16864,474,0.972661207
E01011521,27386,26629,757,0.972358139
E01011522,17400,16831,569,0.967298851
E01011523,22569,21586,983,0.956444681
E01011524,15839,15144,695,0.956120967
E01011525,20237,19259,978,0.951672679
E01011526,21099,20443,656,0.968908479
E01011527,19504,18996,508,0.973954061
E01011528,34741,33618,1123,0.967675081
E01011529,24086,22584,1502,0.937640123
E01011530,26634,25420,1214,0.954419163
E01011531,15504,14955,549,0.964589783
E01011532,31648,29694,1954,0.938258342
E01011533,14036,13463,573,0.959176404
E01011534,28160,26503,1657,0.94115767
E01011535,29619,28834,785,0.973496742
E01011536,30316,29134,1182,0.961010687
E01011537,26372,25424,948,0.964052783
E01011538,28117,26789,1328,0.952768788
E01011539,25008,23650,1358,0.945697377
E01011540,34430,32278,2152,0.937496369
E01011541,19027,17854,1173,0.938350765
E01011542,43284,40931,2353,0.945638111
E01011543,33245,32007,1238,0.962761317
E01011544,28241,26663,1578,0.944123792
E01011545,24446,23365,1081,0.955780087
E01011546,32895,31134,1761,0.946466028
E01011547,36840,35036,1804,0.951031488
E01011548,25422,24432,990,0.961057352
E01011549,34226,33356,870,0.974580728
E01011550,26754,25861,893,0.966621814
E01011551,38290,36660,1630,0.957430138
E01011552,35655,33472,2183,0.938774365
E01011553,24441,23331,1110,0.95458451
E01011554,22526,21911,615,0.972698215
E01011555,20078,19447,631,0.968572567
E01011556,11787,11297,490,0.958428777
E01011557,6691,6472,219,0.967269466
E01011558,28624,26571,2053,0.92827697
E01011559,31282,28849,2433,0.922223643
E01011560,35026,33127,1899,0.945783133
E01011561,2605,2470,135,0.948176583
E01011562,4647,4385,262,0.943619539
E01011563,5081,4941,140,0.972446369
E01011564,25100,24366,734,0.970756972
E01011565,19612,18549,1063,0.945798491
E01011566,10458,10073,385,0.963186078
E01011567,28187,27077,1110,0.960620144
E01011568,9023,8600,423,0.953119805
E01011569,25982,24684,1298,0.950042337
E01011570,43593,41107,2486,0.942972496
E01011571,24962,23247,1715,0.931295569
E01011572,32437,30863,1574,0.951475167
E01011573,29434,27418,2016,0.93150778
E01011574,19021,18110,911,0.952105568
E01011575,22234,21112,1122,0.949536746
E01011576,9401,8834,567,0.939687267
E01011577,21630,20741,889,0.958899676
E01011578,19577,18460,1117,0.94294325
E01011579,25463,24414,1049,0.958802969
E01011580,18877,18346,531,0.97187053
E01011581,23674,22022,1652,0.930218805
E01011582,34950,31502,3448,0.901344778
E01011583,28616,26860,1756,0.938635728
E01011584,33391,31524,1867,0.94408673
E01011585,30218,28711,1507,0.950129062
E01011586,31718,30292,1426,0.955041301
E01011587,23483,22204,1279,0.945535068
E01011588,29869,28243,1626,0.945562289
E01011589,24537,23249,1288,0.947507845
E01011590,23259,22456,803,0.96547573
E01011591,13966,13430,536,0.96162108
E01011592,16381,15831,550,0.966424516
E01011593,29473,28147,1326,0.95500967
E01011594,23852,22248,1604,0.93275197
E01011595,31771,30466,1305,0.958924806
E01011596,28126,26996,1130,0.959823651
E01011597,39317,37532,1785,0.954599791
E01011598,17193,16625,568,0.966963299
E01011599,27707,26133,1574,0.943191251
E01011600,21235,20302,933,0.956063103
E01011601,32746,31063,1683,0.94860441
E01011602,41520,39081,2439,0.941257225
E01011603,23315,22649,666,0.971434699
E01011604,28364,27470,894,0.968481173
E01011605,32643,31487,1156,0.964586588
E01011606,28344,26631,1713,0.939563929
E01011607,33289,31559,1730,0.948030881
E01011608,29399,26573,2826,0.903874281
E01011609,33711,31556,2155,0.936074278
E01011610,21882,20675,1207,0.944840508
E01011611,30683,28481,2202,0.928233875
E01011612,16970,16218,752,0.955686506
E01011613,35386,31868,3518,0.900582151
E01011614,26098,24927,1171,0.955130661
E01011615,25994,24567,1427,0.945102716
E01011616,43571,40258,3313,0.923963187
E01011617,39468,36211,3257,0.91747745
E01011618,31236,28834,2402,0.923101549
E01011619,31866,29862,2004,0.937111655
E01011620,33321,30667,2654,0.92035053
E01011621,43838,40276,3562,0.918746293
E01011622,49764,44152,5612,0.887227715
E01011623,34270,32061,2209,0.93554129
E01011624,59809,55347,4462,0.925395843
E01011625,33915,30646,3269,0.903611971
E01011626,35971,33241,2730,0.924105529
E01011627,21307,19612,1695,0.920448679
E01011628,15409,14874,535,0.965280031
E01011629,20159,18825,1334,0.933826083
E01011630,27396,26028,1368,0.950065703
E01011631,22338,20893,1445,0.935312024
E01011632,27090,24339,2751,0.898449612
E01011633,23725,22952,773,0.967418335
E01011634,30861,28809,2052,0.933508311
E01011635,26556,24940,1616,0.939147462
E01011636,24802,23976,826,0.966696234
E01011637,42828,41171,1657,0.961310358
E01011638,26201,25225,976,0.962749513
E01011639,34702,32618,2084,0.939945824
E01011640,23720,22884,836,0.964755481
E01011641,39525,38355,1170,0.970398482
E01011642,38073,36525,1548,0.959341265
E01011643,13937,13280,657,0.952859295
E01011644,23149,22114,1035,0.955289645
E01011645,36508,35141,1367,0.962556152
E01011646,41777,40025,1752,0.958063049
E01011647,50900,48365,2535,0.950196464
E01011648,63567,60501,3066,0.951767426
E01011649,5396,5253,143,0.973498888
E01011650,9691,9289,402,0.958518213
E01011651,16358,15604,754,0.953906346
E01011652,16373,15737,636,0.961155561
E01011653,15040,14513,527,0.964960106
E01011654,29063,28148,915,0.968516671
E01011655,8898,8609,289,0.967520791
E01011656,33314,30474,2840,0.914750555
E01011657,29512,26829,2683,0.909087829
E01011658,34266,31373,2893,0.915572287
E01011659,28327,26204,2123,0.925053836
E01011660,37902,34497,3405,0.910163052
E01011661,17956,16155,1801,0.899699265
E01011662,39389,35844,3545,0.910000254
E01011663,48381,44742,3639,0.924784523
E01011664,31495,29135,2360,0.925067471
E01011665,19396,18302,1094,0.943596618
E01011666,29606,28143,1463,0.950584341
E01011667,58551,54341,4210,0.928096873
E01011668,7972,7284,688,0.913697943
E01011669,10341,9849,492,0.952422396
E01011670,30930,29019,1911,0.938215325
E01011671,37645,36006,1639,0.956461681
E01011672,12260,11506,754,0.938499184
E01011673,37516,34820,2696,0.928137328
E01011674,1549,1524,25,0.983860555
E01011675,41159,39676,1483,0.963968998
E01011676,14680,14013,667,0.954564033
E01011677,27590,25272,2318,0.915984052
E01011678,7128,6831,297,0.958333333
E01011679,32169,31013,1156,0.964064783
E01011680,5739,5131,608,0.894058198
E01011681,26542,24769,1773,0.933200211
E01011682,5819,5443,376,0.935384087
E01011683,6327,5993,334,0.947210368
E01011684,29122,27684,1438,0.950621523
E01011685,22827,22142,685,0.969991677
E01011686,25375,23155,2220,0.912512315
E01011687,25305,24289,1016,0.959849832
E01011688,29060,27178,1882,0.93523744
E01011689,21000,20168,832,0.960380952
E01011690,12306,11667,639,0.94807411
E01011691,30390,28983,1407,0.953701876
E01011692,15104,14460,644,0.957362288
E01011693,12016,11233,783,0.934836884
E01011694,20491,19448,1043,0.949099605
E01011695,37458,34688,2770,0.92605051
E01011696,6069,5676,393,0.935244686
E01011697,18712,17897,815,0.956445062
E01011698,17340,16500,840,0.951557093
E01011699,6534,6284,250,0.961738598
E01011700,8128,7748,380,0.953248031
E01011701,12761,12262,499,0.960896481
E01011702,4576,4389,187,0.959134615
E01011703,3299,3199,100,0.969687784
E01011704,11385,10807,578,0.949231445
E01011705,20636,19337,1299,0.937051754
E01011706,3827,3734,93,0.975698981
E01011707,15094,14229,865,0.942692461
E01011708,11759,11192,567,0.951781614
E01011709,17931,17323,608,0.966092242
E01011710,8145,7911,234,0.971270718
E01011711,7615,6964,651,0.914510834
E01011712,8267,7915,352,0.957421072
E01011713,13197,12729,468,0.964537395
E01011714,28316,26986,1330,0.953030089
E01011715,12713,12186,527,0.95854637
E01011716,18453,17317,1136,0.938438194
E01011717,26375,24244,2131,0.919203791
E01011718,30543,28710,1833,0.939986249
E01011719,19471,18622,849,0.956396693
E01011720,30080,27943,2137,0.928956117
E01011721,36312,33232,3080,0.915179555
E01011722,41041,37999,3042,0.925878999
E01011723,36515,33748,2767,0.924222922
E01011724,37460,34891,2569,0.931420182
E01011725,34924,32556,2368,0.932195625
E01011726,26483,24944,1539,0.941887248
E01011727,28367,27118,1249,0.955969965
E01011728,26461,25196,1265,0.952193795
E01011729,21407,19067,2340,0.890689961
E01011730,38650,35692,2958,0.923467012
E01011731,24398,23175,1223,0.94987294
E01011732,30910,28853,2057,0.933451957
E01011733,19274,18491,783,0.959375324
E01011734,44264,42688,1576,0.964395446
E01011735,40609,36554,4055,0.900145288
E01011736,23379,22416,963,0.958809188
E01011737,34458,30923,3535,0.897411341
E01011738,23724,23188,536,0.977406845
E01011739,40269,37402,2867,0.928803794
E01011742,746,726,20,0.973190349
E01011744,292,253,39,0.866438356
E01011746,370,339,31,0.916216216
E01011747,678,619,59,0.912979351
E01011748,370,328,42,0.886486486
E01011751,1050,968,82,0.921904762
E01011752,3880,3777,103,0.973453608
E01011753,976,831,145,0.851434426
E01011755,672,596,76,0.886904762
E01011756,1124,1102,22,0.980427046
E01011757,3992,3575,417,0.895541082
E01011758,373,343,30,0.919571046
E01011759,1048,912,136,0.870229008
E01011760,2086,1982,104,0.950143816
E01011761,676,661,15,0.977810651
E01011763,374,368,6,0.983957219
E01011764,744,716,28,0.962365591
E01011775,3568,3442,126,0.964686099
E01011776,274,273,1,0.996350365
E01011793,372,366,6,0.983870968
E01011803,372,346,26,0.930107527
E01011804,1032,929,103,0.900193798
E01011810,372,367,5,0.98655914
E01011813,372,366,6,0.983870968
E01011815,372,357,15,0.959677419
E01011816,371,361,10,0.973045822
E01011817,371,369,2,0.994609164
E01011819,370,355,15,0.959459459
E01011820,376,367,9,0.97606383
E01011821,374,374,0,1
E01011824,674,620,54,0.919881306
E01011826,372,370,2,0.994623656
E01011830,674,630,44,0.934718101
E01011832,302,286,16,0.947019868
E01011836,370,354,16,0.956756757
E01011838,300,278,22,0.926666667
E01011839,296,292,4,0.986486486
E01011844,372,367,5,0.98655914
E01011846,140,140,0,1
E01011873,4080,3916,164,0.959803922
E01011875,4933,4340,593,0.879789175
E01011876,2233,2171,62,0.972234662
E01011877,1423,1409,14,0.99016163
E01011878,1595,1425,170,0.893416928
E01011879,305,303,2,0.993442623
E01011880,373,349,24,0.935656836
E01011881,1112,1070,42,0.962230216
E01011882,299,215,84,0.719063545
E01011884,600,574,26,0.956666667
E01011885,744,613,131,0.823924731
E01011886,744,728,16,0.978494624
E01011887,675,611,64,0.905185185
E01011890,743,717,26,0.965006729
E01011893,674,653,21,0.96884273
E01011894,674,613,61,0.909495549
E01011895,747,721,26,0.96519411
E01011896,2524,2444,80,0.968304279
E01011897,1040,943,97,0.906730769
E01011909,377,330,47,0.875331565
E01011910,1117,1101,16,0.985675918
E01011918,368,366,2,0.994565217
E01011920,675,625,50,0.925925926
E01011921,371,359,12,0.967654987
E01011923,373,333,40,0.892761394
E01011924,372,354,18,0.951612903
E01011925,371,365,6,0.983827493
E01011926,743,649,94,0.873485868
E01027660,166,114,52,0.686746988
E01027684,306,299,7,0.977124183
E01027703,668,643,25,0.96257485
E01027725,1030,739,291,0.717475728
E01027734,1460,1384,76,0.947945205
E01027735,11050,10623,427,0.961357466
E01027888,674,619,55,0.918397626
E01027891,2223,2123,100,0.955015744
E01027892,734,667,67,0.908719346
E01027898,3259,3161,98,0.969929426
E01027899,1716,1661,55,0.967948718
E01027904,673,645,28,0.958395245
E01027914,1103,1084,19,0.982774252
E01027915,321,293,28,0.912772586
E01027917,1993,1920,73,0.963371801
E01027918,680,674,6,0.991176471
E01027919,373,334,39,0.895442359
E01027921,366,274,92,0.74863388
E01027922,373,367,6,0.983914209
E01027923,298,237,61,0.795302013
No postcode/not aligned to an LSOA,71976,65040,6936,0.903634545
